Same-branch polarization
[[-6.85337565e-06 -1.55538316e-03 -6.37299841e-08]
 [-8.43889225e-01 -1.03392692e+00 -1.32768665e+00]
 [-1.65534680e+00 -1.92010689e+00 -2.53391521e+00]
 [-2.38066962e+00 -2.57368659e+00 -3.49984708e+00]
 [-2.73326664e+00 -2.66426087e+00 -4.58032157e+00]
 [-3.49957388e+00 -3.13890193e+00 -4.55954011e+00]
 [-3.93900869e+00 -3.39595163e+00 -4.79260809e+00]
 [-4.40751979e+00 -3.85847665e+00 -5.04219352e+00]
 [-4.97797204e+00 -4.53626681e+00 -5.38218940e+00]
 [-5.65927121e+00 -5.41060727e+00 -5.84324365e+00]
 [-6.42682892e+00 -6.42675488e+00 -6.42683103e+00]
 [-6.19869812e+00 -6.19861476e+00 -6.19870030e+00]]
Polarization change (in basis of polar lattice vectors)
[[-6.19869127 -6.19705937 -6.19870024]]
Magnitude of polarization change in microC/cm^2
6.9722586034823095
